791
1213
1560
3060
5629
9115
21154
27523
43080
62305
85308
110885
140316
170679
150650
153877
183890
217642
255432
433043
516314
547195
182180
193968
174012
180851
229392
230517
289297
276582
277012
274808
320870
376552
409294
430434
284495
304747
327652
354567
381417
409005
437631
463789
508725
912734
1149887
1227638
299717
231991
234682
237684
250354
256222
266818
280285
287896
297833
337043
565483
637505
643770
669017
682738
720834
489578
477557
533953
520259
582220
717881
1219809
1203030
1305683
3271062
1233300
5110102
1478779
1390734
854617
941010
1553433
1041566
997393
1081825
1062195
1155563
1141233
1251096
1223120
1333428
1345564
1509062
1391162
1497026
1513561
1597573
1582921
1695122
1666763
1802065
1779034
1909869
1883894
2010499
3574683
2132753
2116591
2389207
2422406
2359007
2376438
2573940
2456598
2660300
2598379
2794235
2787205
2888858
2875399
3044633
3006139
4051713
4086350
3348272
3304717
3515713
3471622
3882156
3691141
3733692
3538095
3741480
3769805
3900120
3895423
4098043
4033447
4266101
4253172
7370426
5251146
4703927
4606455
5006469
4764741
5109639
5560057
5339682
5249200
5426441
5505347
5648501
5681073
6232801
6500970
6190445
6133330
6467648
6357920
6802289
6722813
7245726
7783114
7909352
8484820
7801437
8136133
7885311
8064960
8237322
9420525
9066383
9202192
10311509
9136839
9361738
9208279
9317670
9430970
11338175
10560283
11420240
10142156
10478101
10718944
13671648
13759806
11869566
10820292
11823753
11402682
12297377
11241398
12526422
12288566
14550270
12596640
12884430
12709568
13291153
13217555
13204685
13117102
14460391
14635043
14299384
14239869
14427427
14413000
15079545
15356691
15412718
15280459
16663245
15944049
16426362
17356273
18746735
18531509
17401212
17616097
18536560
18471265
18685815
18428522
19273443
21861800
20988809
20231673
20282213
20293026
21372958
21079180
21322045
21253004
23458042
22350359
24499392
22674175
24045282
24181983
23919009
24242807
25702131
25213814
25350630
25492833
25833874
26489789
33284298
41707327
28160099
28553764
29614218
29517150
31563450
32496122
32769074
32587130
33968311
33686327
34865189
36397998
36721918
36774444
36856250
36650752
39397735
39684229
40403406
39965374
42072016
42602630
43787560
42940654
43688480
45246319
45721361
47962240
47473654
49137773
51116924
49427399
49088475
50088005
50148075
49811996
51896208
67127115
53693481
53629789
55620860
55638157
55634208
55586374
55280122
57734082
58392135
59897548
59348574
64163495
62205422
60734912
62185460
63386253
63881525
63980704
65928155
65619522
68274577
72360193
67009738
68432232
71151749
70978529
73257763
91423674
74099205
72430998
73620350
73817972
75434847
76155134
77735769
77733079
78291594
78413926
80324222
80139701
82113941
83892583
83701398
83775386
81099237
81068402
84286724
85679596
92811800
94017049
93649222
89417323
93974850
111167230
121600580
113167109
107002911
102898320
98724763
98978925
108528540
105324906
101346313
101829066
103066484
103686030
107525914
107845515
107642468
111188280
107434040
107606284
110535021
109760086
113713699
114041243
112827275
121391277
125958182
117092673
118166547
117828972
124314346
121985507
126595957
124711824
170090097
133999744
142652756
132344749
134028530
131582637
133175886
133585849
167221937
165951713
136986541
138592707
138392670
168316172
186412681
160088819
147831314
144678637
151277252
182918129
150751547
150920827
240132310
218672709
165862416
155087768
191251602
184499082
159384689
158174331
162555593
161168702
164724749
165935071
169438439
164343856
171638842
173722637
189630264
180206389
190775570
234106228
213485018
194020399
199303312
221014350
182821848
181683253
186083533
183229637
185397647
190826608
202475501
191727118
191681241
191773963
195103074
225418298
254757541
213034639
205931828
204380503
258175543
216061312
209614826
336446739
260223196
299095267
243288403
222862358
224800399
232399652
228652105
224149415
219655400
223523737
224725274
225947678
226138033
226747722
233032349
231928173
230240799
232196983
240058882
235584454
242894735
251881107
247596386
246385954
244323449
245942079
251763035
249629145
256357896
270286003
257204779
253316184
254772454
257647352
306439164
323594597
298501293
270653849
271198786
275201287
272222073
291262388
288830580
303840493
282381227
282977944
285031615
287235880
327049384
322603566
302435722
294818770
296030703
405648937
306339027
300513212
303114742
305786855
340411677
374837677
337826606
390041296
365306722
360681598
651382321
585174155
491612688
342011448
671539089
631140877
406981308
398658992
344802376
401591838
369380320
365548593
417436516
369737099
361267890
359653696
365793000
370008839
384624633
371879548
382366668
373831708
426749371
392050596
383429931
376033761
388622305
388464838
385437432
387661525
395456625
717876192
519045693
443256383
467493176
549917590
406475195
418536257
419220987
416561117
425333785
412890052
423873040
594597734
437046205
455891284
443192774
433075601
432233746
428888916
446614049
475916110
465278553
449055452
459639535
595859453
457710325
452108078
462706311
468745313
468831848
469709681
474895536
478205256
471120607
486747405
588996844
485989644
546765294
498001956
502369408
517219963
736679806
502699263
561991755
523064152
1008686360
516280066
652909866
666902109
640533524
579592668
671371028
666258985
662411782
573595251
702536445
667926309
566636816
537538848
556135328
627760952
602324207
606833713
561391294
866194138
588993743
600461994
576526064
617050852
573867374
571926046
580306370
587655485
729956960
577891405
703188434
593993634
654880315
680831176
676530550
614982029
1033758253
609607323
788186459
688874838
660754696
702975785
850866625
774482033
988167528
623555967
630384975
636155140
642360304
641450052
659752278
676599210
982756522
771287249
665067008
696654205
667043179
666650072
680934850
1024185679
670970204
698552092
697666034
709853841
730748045
918570936
1321947134
760004438
731682292
707139648
720647258
898976136
940855291
1200302472
816046616
1027247778
853825445
820283131
760120335
793075570
1345709028
1043455845
1005597594
907056211
790031543
762508776
795623089
1017140663
830391881
781365478
846247843
796808178
805217805
1353097057
943971915
818828164
803837651
822499497
818087627
1325576274
824855397
815958361
824015679
828196925
818204490
1345423916
831553753
849435715
834640983
859443954
857697710
1290549210
858042197
855588276
875069403
888508512
859392208
1365695339
908335543
936252260
1035021663
1074297936
1049485504
1490424258
979748409
986256197
1016558951
1370721062
1678431233
1066554568
995643310
1134586596
1095234888
1212892582
1690893026
1292306001
1355223873
1430135356
1285738418
1572272441
1369423788
1451039524
1229388121
1290637758
2057748349
1765644619
1911213845
1433634592
1140465744
1168294766
1500826862
1190436908
1207238175
1422965601
1237059262
1773547764
1213956672
1198830512
1272429288
1263300537
1949744371
1208911903
1195537086
1281158361
1287246438
1795033338
1561386213
1312567729
1354722599
1476468735
1772673554
1268220779
1228231880
1354440835
1324194302
1820414511
1602999672
1561475168
1429273080
1587196717
2075736458
1777184412
1303722892
1608543441
1934710166
1472433216
1497005444
1563854369
1393094847
2151203680
1414675938
1415298715
1636246714
1723153928
1666931546
1505054579
1424370498
1338508443
2688889122
1427684098
1376478183
1554386284
2101039370
1718349279
1334056741
1576457874
1457523545
1832255206
1306895176
1565406896
1427694684
2073751292
1383822964
1432290403
1707982688
2309244755
1484270295
1968134571
1654752774
2476341550
1390532103
1498746800
1614979421
2313235904
1448375729
1453011360
1621398193
2400351838
1416248734
1503053998
1657251085
2355908205
1646121928
1676524600
1633515891
2321620356
1549424649
1810017625
1685681508
2129983117
1679173160
1747870994
2460909527
1763558707
1666500658
1657619267
2882413470
1950807864
2675815073
1904326069
2456490694
1810547191
2063283765
2813004251
1907505866
2086515829
1927700447
2451738138
1798065689
2082057561
2591312724
1681121962
1891354046
1913983724
2380224492
1822272070
2249014108
2892250518
1836055814
1946327057
2731879590
2057231153
2073791604
2045467835
2492587167
2502014501
1842751646
2822811359
2077394822
2055455794
3075690619
2085156544
2375299673
2931699193
1928509456
2475043227
3127829846
2319523415
2298960986
3554732054
2410988032
2339446540
3068298161
1939486182
2504931516
3699271796
2154762444
2231700480
3377578182
2571821072
2723366230
3112927874
2577322930
2676541145
3047987021
2276688644
2799908592
3337402657
2397212130
2543477407
3281068173
2615276957
2833154021
3044639112
2920169920
3301585246
3194147829
2347340349
3500513448
2900578273
2982139932
3166088044
3094191007
3017032003
3139359162
2237475239
3274605122
2914811763
2744828558
3541872562
2962880180
2777905040
4110851440
2676952411
3171053033
2957985602
2613381294
3499939622
3014723709
3079724815
3259682347
2833941845
3922656280
3406132145
2753643604
3883413515
3157733708
3700467342
2871061278
2695313734
3723363712
3186435375
3645966049
3037306707
3235848977
3749667793
2763543560
3341016607
3426269229
3568648383
3892360887
3184302999
3793615603
3597853580
2907927421
3647665479
3365721802
4001787032
3186856461
3235835201
3671472339
3391115558
3940450025
2781227807
3777212703
3872851114
3360407545
4239332568
3802331310
4287515959
3136611765
3075399765
3815946258
3642938568
3970705499
3405030782
4246330594
3699915466
4255503992
3055382014
4379151390
3875189155
3533373123
3945332670
3779771995
3957758572
3195684515
3582888763
3915204659
4120403082
3629727131
4002682208
4168880558
4218811813
3365715595
3685513202
4340329053
4450924456
3914016993
3898981505
4672099086
4515388669
3501244395
3835307908
4474809028
4489928873
3660833258
3941102637
